251494328326675
-277055004859177
46675000808677
230513395740622
236585534600882
-175837208187305
262829305954425
-280731132351373
281190951193001
-139575429142144
279458615045487
-280141177148697
260828456227258
273698554951623
152480803176457
-129688997359982
-257161697242792
-81230680343285
126637121863927
-221803497762024
-225216068126540
-253940918101744
-212055025172821
-95056466379936
272157376024626
-272313223629208
280422214932035
191903124122787
-175719420234493
86748912476450
72180937834107
-239482322942123
-279191726122941
227491193875266
-239542566488872
141514949014051
-235811624148267
-244131960295550
281244505964459
-184092056943675
-139073704023746
-71265702551640
-205257803239089
280262288674493
256117743101467
191667905522067
-103898203353578
-223005737215733
36219799494068
-216108197152905
-78046750559648
-224890877672474
-76635047728915
-276830144940607
-39651951772392
-11130843345771
276041170690509
173631359803418
179006314133671
109496493900939
158826211416301
89712720111339
210180148355610
-280462290206801
-202621804962143
-278794884464111
-115260799512766
-47974062522315
263008082799183
215605645636717
-265584636376399
156482077872759
-44738651310988
-53341015020720
-215589711567432
26747361171555
174666987083268
-247867759144973
-281050467066687
-35370227088144
230072195116339
227715184883305
-144941459508179
280655802016422
77601419951461
-281339768195505
281185825672758
99655916902467
-260248909710265
217747699175513
-280438881679114
172926491629802
-257199521410270
-269823794634137
99816170813284
34536938086116
245923900112278
128873852763888
279195117507608
266042693682424
-253375225865792
119971965442323
-182438723984226
177801895059928
-279447442356550
170003591435979
-262664792936329
-281331769802518
196014659198470
275083612864842
-272451926749796
-88150535899065
