00000001000110101110010010101000011101000010100001000110
00000100100010001111000111001011000011000010110011110101
00000010111110011001100110011101100001110100100111001001
00000000111101011010011010111111001001111001010111111010
00000010001001001011001010000111001000011011010100110001
00000011110100001111101110010111011101010110010010000001
00000001001101000110101111011110110100110011011111101111
00000100101000111100000110010110100100111010111000001010
00000001100001101001111101011010010001010100010100101010
00000101110000111010110001000001001011001010001100100011
00000001101100001100100011001010001010111111110001100110
00000100110011110100110110100100000101100010101110101101
00000001001011110111011001000000111111001000001110110110
00000001110011100111000010000011000100100101001100110100
00000000100100101000111000111011001100011101001011110011
00000011100111101101010010000101011001011111100001110001
00000100010010110010111111001000111011110101000110000100
00000011011011110011000101001001110000000110011000010001
00000010101011001100100001101100001001101000101001110110
00000100000011001001010101010001011110001000010100100111
00000100000100011011000010100100000111000001000100000011
00000100010001000011001000000010100100011111011010100101
00000011111111101010100011110111010100100000000001001001
00000101111100000100111011101001011100110000101111110000
00000001010100000001001000100100100001000010101111100010
00000100011101001110000001011010101010111001101000010111
00000001011110111111100111001110011001001010110100110100
00000000110000000000110001011110101100101001110101110000
00000011110100001101100001111010011100111000110101011001
00000010110101000000101101011111111010101100011001101100
00000010111000011101101110011100111110111010100011001000
00000100001010001011110000110000011011111000110000000000
00000100110101110000000000110000010011001111110001100011
00000010001100110101001011110110101110000101001111000111
00000100001010001101011011100100001011101101010010100000
00000010100111010110001110100010001100110000101111011111
00000101010010100011110100111100010100111001100110101000
00000101001110111011111000101110111110010000011001011101
00000001100111000111101111110010010100100100010000001110
00000011110110101011111110110001001010000001111010110110
00000011101010001000101110001101010101001100100011011110
00000011011001011100011011011001100100000100011010011011
00000101011101110100101111010010100111001010001010000011
00000001101010011110010101010110110101110011010001100010
00000001111111111001111011100110001010101001100000000101
00000000101111111100000110001100001100101011111000110100
00000101111001111011011000011111010111100101111010110101
00000100000011100101111000000011110110100111010101010010
00000011000000110011011011100011100110000101010110001010
00000100000001000101011010100010011010001110100011000100
00000011011011000010110001100010100100110011001001000111
00000100000100010011001010010011100001000101010010001100
00000011011010101101011010001010000011001101010100100110
00000100100001111100110011011001111011000110011100110101
00000011010010000110111001101010101110101001001010001001
00000110001111100101111010001110000100001101011101010001
00000001010111111011110110001000100111000010000111100000
00000000101010100010110100010000111101000001001111001010
00000000101100000111001010100111101100011100110111001001
00000000011001100100100101010011011111000111111110101011
00000010100010101100001111011100001001010011010001100010
00000010110100010011010010101110010000000110011000101100
00000010010011000110100111100101000101100000000011001010
00000100110011000001011111111110110101010001100111100110
00000011111100011111011111101101001010010101010101101101
00000100110110011011101000011000000000101101111010101000
00000101110111000111110110011111010110010010001111100011
00000110000111001010011000110011101101111001010101001110
00000001001101001110000001110000111111100101010100001011
00000000110111110110000011100110110011011110101100100000
00000100010111111111000011110100010001010100110011110010
00000000100101101110100010111001110011010110110011010000
00000011010011010001110001001111011011101100101010111000
00000011010101010000111001100110110011100100110011100011
00000101011010010010001110110011100011111111110110001101
00000011000010111110001001100110011011011001000000111011
00000010011110001101111101101101010110011110110001011010
00000100001101111111111001110001111001110011100101000001
00000100101010000100111101011101100001111001101110101110
00000011010001001000000010000100011111011010100000001001
00000010001011110100101101010011101011111100011010000011
00000000111100010100010100011000000100110000110100100011
00000011101011101011100111110110011100101111001101100100
00000001101001011010100011011000001000000101010010010110
00000000010001111000000100010011100011100111011000001110
00000100101111100100111010000100111111100100101111101110
00000001100001101000010011100110011001100101111001000011
00000010110001111001101000100011011000111100111001010011
00000100010100100101000100011110000110110001100010110011
00000010010000011101000100100010110101101111010111100110
00000100101000000110011001001111100000111100101100010111
00000010011110101110001010011010101111000110001011010111
00000100010010110100010101110100001110011011110000101110
00000100011011000111010100000011001101101000101101001111
00000010110001110111001000111100110001110110010001011101
00000000000111110111110110010010100110011000101000101100
00000010000101000010111011110010101110010010001000100101
00000010101010100111111111111000110011100101000000000101
00000001101100101011101010001110111010111001001001101101
00000001001111001111010111001011011011110000101011100010
00000101001010011011110000011010011001101001001100101111
00000010101100111000011011010000111101011001010001001110
00000101100100111111100110111100010111011000010101011101
00000010011101010011011101001111111101100100000000101101
00000100110101010001110111110010101010000011110111000011
00000010011111100011110011000010101001111100110001100110
00000101000101000111110111000001100110001110010000010110
00000100101111101000100110111110111011010111001010000111
00000010010111110000100111111100101101111111010100010101
00000001010110110111011100100111001000111110101000000101
00000100111101110101110111001100101100111110100001101000
00000101111101101111001101110101100001110100011101110100
