   126407141150252
   -49685881261641
  -277578109392249
   161529368532137
  -152497368278536
  -219794082566293
   100741840591580
   -20449788335790
    12641656593972
   244431712537576
   -33631012341614
    27369387643959
   105814360728450
   -65705886583011
   236596211248039
  -249817786552574
  -114437860804331
  -269499052104514
  -251378602669925
  -173295617067471
  -168836859636418
  -121417348957664
  -185096809300482
   264938541389552
    71822873721777
   -71229704133408
    24321675248081
   205915889299923
  -219888262230429
  -267773764021833
  -272062630156463
  -147906658107434
    35779080183191
  -165758617343018
  -147809070608637
  -243313957100319
   153691380470147
   140099066651125
   -11388168380888
  -212927868266490
  -244717525656377
  -272303804883595
   192606844955542
   -26100039486531
  -116755574525905
   206134850297200
   261597641147932
  -171745753027934
  -279134893266450
  -180348023658663
  -270438287306626
  -169269771825826
  -270841710181155
   -50923799607080
  -278668055641299
   281254807675665
    55040299763683
   221540771432890
   217220859989416
   259304223524543
  -232384158413198
  -266795409189307
  -187223042789819
    23855110274704
  -195378009684167
    38750160140389
   256793906878539
   277356542809739
   100274178613256
   180948523298313
   -93236062953560
   233969061670315
  -277896771469438
  -276374562199242
   180967507527009
  -280201251218875
  -220725182381887
  -133378170967799
   -15453073346806
  -279243817389026
  -162157169279111
   165450769378169
  -241288490877420
   -21458874825747
   270566409843827
     8723379274298
    12755154056099
  -263242969024045
  -107231839995785
  -178365080713784
   -24128741302273
  -222091402370453
  -114352825503319
   -80145382671117
  -263182245902792
   279348102592266
  -136929170989348
  -250239270675201
   -35752606536837
    91920877130622
   122593464066093
  -254626962480748
   214346155797747
  -218207810647012
    33723722728210
  -224336669791484
   101170000820300
     8977628531339
  -202005979846068
    59642002376590
    70697313418472
   267315629051073
